# Dữ liệu chuẩn mạng mẫu (Mạng Mô Phỏng PBL2)
# Cấu trúc: id u v media length bw maxSeg price terrain equip maint mtu load delay
0 0 1 FIBER 400 1000 2000 5.0 1.0 50.0 48.0 1500 0.0 0.001
1 1 3 FIBER 500 1000 2000 5.0 1.0 50.0 48.0 1500 0.0 0.001
2 0 2 FIBER 450 10000 2000 5.0 1.2 50.0 48.0 1500 0.0 0.001
3 2 3 FIBER 600 10000 2000 5.0 1.0 50.0 48.0 1500 0.0 0.001
4 1 2 FIBER 300 1000 2000 5.0 1.0 50.0 48.0 1500 0.0 0.001
5 0 3 FIBER 1200 1000 2000 5.0 1.5 50.0 48.0 1500 0.0 0.001
6 0 4 COPPER 40 100 100 1.0 1.0 50.0 25.0 1500 0.0 0.002
7 3 5 COPPER 50 100 100 1.0 1.0 50.0 35.0 1500 0.0 0.002
8 1 4 COPPER 130 100 100 1.0 1.0 50.0 115.0 1500 0.0 0.002
# Dữ liệu kiểm thử Validation (Sẽ bị REJECT khi nạp)
99 0 999 FIBER 500 1000 2000 5.0 1.0 50.0 48.0 1500 0.0 0.001
